
function r = fx()

r =[0.0000152587890625
0.000244140625
0.0009765625
0.00390625
0.0078125
0.015625
0.03125
0.0625
0.09375
0.125
0.1875
0.25
0.375
0.5
0.75
1
1.5
2
3
4
6
8
12
16
32
64
128
256
1024
4096
65536];
