function r = posit4list()


r=[0.25
0.5
0.75
1
1.5
2
4];